 SLV output file. All units in AU


 --- Untitled ---

 Distributed zeroth-order property
 ---------------------------------

   -3.509461E-04
    5.326796E-03
   -6.137491E-03
    7.838476E-03
   -2.988554E-03
    2.648373E-04
   -8.646249E-04
   -1.170048E-03
   -2.271185E-03
   -8.657423E-04
    2.072977E-04
    1.011640E-03

 Distributed first-order property 
 ---------------------------------

               X                Y                Z
    0.000000E+00     0.000000E+00     0.000000E+00
    0.000000E+00     0.000000E+00     0.000000E+00
    0.000000E+00     0.000000E+00     0.000000E+00
    0.000000E+00     0.000000E+00     0.000000E+00
    0.000000E+00     0.000000E+00     0.000000E+00
    0.000000E+00     0.000000E+00     0.000000E+00
    0.000000E+00     0.000000E+00     0.000000E+00
    0.000000E+00     0.000000E+00     0.000000E+00
    0.000000E+00     0.000000E+00     0.000000E+00
    0.000000E+00     0.000000E+00     0.000000E+00
    0.000000E+00     0.000000E+00     0.000000E+00
    0.000000E+00     0.000000E+00     0.000000E+00

 Distributed second-order property
 ---------------------------------

              XX               YY               ZZ               XY               XZ               YZ
    0.000000E+00     0.000000E+00     0.000000E+00     0.000000E+00     0.000000E+00     0.000000E+00
    0.000000E+00     0.000000E+00     0.000000E+00     0.000000E+00     0.000000E+00     0.000000E+00
    0.000000E+00     0.000000E+00     0.000000E+00     0.000000E+00     0.000000E+00     0.000000E+00
    0.000000E+00     0.000000E+00     0.000000E+00     0.000000E+00     0.000000E+00     0.000000E+00
    0.000000E+00     0.000000E+00     0.000000E+00     0.000000E+00     0.000000E+00     0.000000E+00
    0.000000E+00     0.000000E+00     0.000000E+00     0.000000E+00     0.000000E+00     0.000000E+00
    0.000000E+00     0.000000E+00     0.000000E+00     0.000000E+00     0.000000E+00     0.000000E+00
    0.000000E+00     0.000000E+00     0.000000E+00     0.000000E+00     0.000000E+00     0.000000E+00
    0.000000E+00     0.000000E+00     0.000000E+00     0.000000E+00     0.000000E+00     0.000000E+00
    0.000000E+00     0.000000E+00     0.000000E+00     0.000000E+00     0.000000E+00     0.000000E+00
    0.000000E+00     0.000000E+00     0.000000E+00     0.000000E+00     0.000000E+00     0.000000E+00
    0.000000E+00     0.000000E+00     0.000000E+00     0.000000E+00     0.000000E+00     0.000000E+00

 Distributed third-order property 
 ---------------------------------

             XXX              YYY              ZZZ              XXY              XXZ              XYY
             YYZ              XZZ              YZZ              XYZ
    0.000000E+00     0.000000E+00     0.000000E+00     0.000000E+00     0.000000E+00     0.000000E+00
    0.000000E+00     0.000000E+00     0.000000E+00     0.000000E+00
    0.000000E+00     0.000000E+00     0.000000E+00     0.000000E+00     0.000000E+00     0.000000E+00
    0.000000E+00     0.000000E+00     0.000000E+00     0.000000E+00
    0.000000E+00     0.000000E+00     0.000000E+00     0.000000E+00     0.000000E+00     0.000000E+00
    0.000000E+00     0.000000E+00     0.000000E+00     0.000000E+00
    0.000000E+00     0.000000E+00     0.000000E+00     0.000000E+00     0.000000E+00     0.000000E+00
    0.000000E+00     0.000000E+00     0.000000E+00     0.000000E+00
    0.000000E+00     0.000000E+00     0.000000E+00     0.000000E+00     0.000000E+00     0.000000E+00
    0.000000E+00     0.000000E+00     0.000000E+00     0.000000E+00
    0.000000E+00     0.000000E+00     0.000000E+00     0.000000E+00     0.000000E+00     0.000000E+00
    0.000000E+00     0.000000E+00     0.000000E+00     0.000000E+00
    0.000000E+00     0.000000E+00     0.000000E+00     0.000000E+00     0.000000E+00     0.000000E+00
    0.000000E+00     0.000000E+00     0.000000E+00     0.000000E+00
    0.000000E+00     0.000000E+00     0.000000E+00     0.000000E+00     0.000000E+00     0.000000E+00
    0.000000E+00     0.000000E+00     0.000000E+00     0.000000E+00
    0.000000E+00     0.000000E+00     0.000000E+00     0.000000E+00     0.000000E+00     0.000000E+00
    0.000000E+00     0.000000E+00     0.000000E+00     0.000000E+00
    0.000000E+00     0.000000E+00     0.000000E+00     0.000000E+00     0.000000E+00     0.000000E+00
    0.000000E+00     0.000000E+00     0.000000E+00     0.000000E+00
    0.000000E+00     0.000000E+00     0.000000E+00     0.000000E+00     0.000000E+00     0.000000E+00
    0.000000E+00     0.000000E+00     0.000000E+00     0.000000E+00
    0.000000E+00     0.000000E+00     0.000000E+00     0.000000E+00     0.000000E+00     0.000000E+00
    0.000000E+00     0.000000E+00     0.000000E+00     0.000000E+00
 ----------------------------------------------------------------------------------------------------
                                                                                     primitive form



 Structure
 ---------

 X              4.79382098    -0.12264322     2.40251447
 X              2.30618947    -0.30332748     3.55569708
 X              0.13532139     0.37271822     2.32781739
 X             -2.28577665     0.05252682     3.83711319
 X              0.11652617     1.18083308     0.16713493
 X              6.01522081     1.16217581     3.46483339
 X             -3.53984417    -1.22030945     2.80603711
 X              2.17198491    -0.95501838     5.33844757
 X             -1.99096617    -0.68753523     5.74095732
 X             -3.22829261     1.88321966     3.96420293
 X              5.70048884    -1.97663827     2.29417648
 X              4.54616861     0.61281924     0.49717557

