 SLV output file. All units in AU


 --- Untitled ---

 Distributed zeroth-order property
 ---------------------------------

    9.825193E-04
    1.978434E-03
   -2.944151E-03
    3.761325E-03
   -2.586064E-03
    0.000000E+00
    0.000000E+00
   -1.192202E-03
    0.000000E+00
    0.000000E+00
    0.000000E+00
    0.000000E+00

 Distributed first-order property 
 ---------------------------------

               X                Y                Z
    5.146841E-03    -6.664337E-04     4.021053E-04
   -2.588812E-03     8.538714E-04    -1.591657E-03
   -2.226541E-04    -5.117824E-03     1.376605E-02
   -1.433550E-03     3.630209E-03    -9.335867E-03
   -1.952567E-04     8.146346E-04    -2.131093E-03
    0.000000E+00     0.000000E+00     0.000000E+00
    0.000000E+00     0.000000E+00     0.000000E+00
   -1.111770E-03     1.989879E-04    -2.354339E-04
    0.000000E+00     0.000000E+00     0.000000E+00
    0.000000E+00     0.000000E+00     0.000000E+00
    0.000000E+00     0.000000E+00     0.000000E+00
    0.000000E+00     0.000000E+00     0.000000E+00

 Distributed second-order property
 ---------------------------------

              XX               YY               ZZ               XY               XZ               YZ
    2.865502E-03     4.523509E-03    -9.855619E-03     1.502052E-03    -2.876856E-03     6.632809E-03
   -1.126971E-02     6.608345E-03     1.844847E-02     4.213182E-03    -6.789789E-03    -4.158791E-03
   -1.317812E-02    -1.684405E-02    -1.985106E-02     6.704466E-03    -1.840275E-02     3.742253E-03
    8.356194E-03     1.598754E-02     2.010871E-02    -4.036764E-04     2.921008E-03    -2.153239E-03
   -7.012635E-03    -1.149323E-02    -1.252719E-02    -1.448946E-04    -7.684235E-04     5.297007E-04
    0.000000E+00     0.000000E+00     0.000000E+00     0.000000E+00     0.000000E+00     0.000000E+00
    0.000000E+00     0.000000E+00     0.000000E+00     0.000000E+00     0.000000E+00     0.000000E+00
   -4.986575E-03    -1.791353E-03    -3.880855E-03     6.356415E-04    -7.254988E-04     1.016721E-03
    0.000000E+00     0.000000E+00     0.000000E+00     0.000000E+00     0.000000E+00     0.000000E+00
    0.000000E+00     0.000000E+00     0.000000E+00     0.000000E+00     0.000000E+00     0.000000E+00
    0.000000E+00     0.000000E+00     0.000000E+00     0.000000E+00     0.000000E+00     0.000000E+00
    0.000000E+00     0.000000E+00     0.000000E+00     0.000000E+00     0.000000E+00     0.000000E+00

 Distributed third-order property 
 ---------------------------------

             XXX              YYY              ZZZ              XXY              XXZ              XYY
             YYZ              XZZ              YZZ              XYZ
   -3.296419E-02     1.265077E-02    -1.211130E-02     7.418746E-03    -8.684730E-03     2.446474E-03
   -1.036797E-02    -8.841688E-03    -4.499271E-03     4.477296E-03
   -2.616041E-02     1.112925E-02    -2.267251E-02    -5.598944E-03     1.367018E-02    -1.261957E-02
   -5.846461E-03    -6.580165E-03     4.564677E-03    -5.328268E-03
    3.842847E-02    -8.752743E-03    -6.163858E-02    -5.675130E-03     8.994374E-03     1.235817E-02
   -1.207609E-03     3.955373E-02     2.540933E-02    -1.191836E-02
   -5.175758E-02     1.759806E-02    -1.880864E-02    -7.629334E-03     2.471845E-02    -1.854012E-02
   -1.042479E-02    -4.131877E-02     2.970836E-03     5.105133E-03
    1.061654E-02    -2.412138E-02     5.015332E-02    -1.243272E-02     3.226707E-02     4.195666E-03
    1.941382E-02     3.378315E-03    -3.268644E-03    -1.125411E-03
    0.000000E+00     0.000000E+00     0.000000E+00     0.000000E+00     0.000000E+00     0.000000E+00
    0.000000E+00     0.000000E+00     0.000000E+00     0.000000E+00
    0.000000E+00     0.000000E+00     0.000000E+00     0.000000E+00     0.000000E+00     0.000000E+00
    0.000000E+00     0.000000E+00     0.000000E+00     0.000000E+00
    1.355307E-02    -1.506762E-03     9.504065E-03    -4.706304E-03     9.483710E-03     3.071189E-03
    2.260450E-03     1.046744E-02    -4.423518E-03    -4.481572E-03
    0.000000E+00     0.000000E+00     0.000000E+00     0.000000E+00     0.000000E+00     0.000000E+00
    0.000000E+00     0.000000E+00     0.000000E+00     0.000000E+00
    0.000000E+00     0.000000E+00     0.000000E+00     0.000000E+00     0.000000E+00     0.000000E+00
    0.000000E+00     0.000000E+00     0.000000E+00     0.000000E+00
    0.000000E+00     0.000000E+00     0.000000E+00     0.000000E+00     0.000000E+00     0.000000E+00
    0.000000E+00     0.000000E+00     0.000000E+00     0.000000E+00
    0.000000E+00     0.000000E+00     0.000000E+00     0.000000E+00     0.000000E+00     0.000000E+00
    0.000000E+00     0.000000E+00     0.000000E+00     0.000000E+00
 ----------------------------------------------------------------------------------------------------
                                                                                     primitive form



 Structure
 ---------

 X              4.79382098    -0.12264322     2.40251447
 X              2.30618947    -0.30332748     3.55569708
 X              0.13532139     0.37271822     2.32781739
 X             -2.28577665     0.05252682     3.83711319
 X              0.11652617     1.18083308     0.16713493
 X              6.01522081     1.16217581     3.46483339
 X             -3.53984417    -1.22030945     2.80603711
 X              2.17198491    -0.95501838     5.33844757
 X             -1.99096617    -0.68753523     5.74095732
 X             -3.22829261     1.88321966     3.96420293
 X              5.70048884    -1.97663827     2.29417648
 X              4.54616861     0.61281924     0.49717557

